20
12   8 1 10 2 12 3 14 4 16 5 18 6 
4   0 8 9 10 
4   0 10 11 12 
4   0 12 13 14 
4   0 14 15 16 
4   0 16 17 18 
4   0 18 19 8 
6   9 19 17 15 13 11 
5   1 0 6 19 9 
6   1 8 19 7 11 10 
5   1 9 11 2 0 
6   2 10 9 7 13 12 
5   2 11 13 3 0 
6   3 12 11 7 15 14 
5   3 13 15 4 0 
6   4 14 13 7 17 16 
5   4 15 17 5 0 
6   5 16 15 7 19 18 
5   5 17 19 6 0 
6   6 18 17 7 9 8 
-2
0.358215
0.358215
0.358215
0.358215
0.358215
0.358215
0.427857
0.4698
0.427857
0.4698
0.427857
0.4698
0.427857
0.4698
0.427857
0.4698
0.427857
0.4698
0.427857
