62
24   37 8 20 1 22 10 23 2 25 12 26 3 28 14 29 4 31 16 32 5 34 18 35 6 
4   0 20 21 22 
4   0 23 24 25 
4   0 26 27 28 
4   0 29 30 31 
4   0 32 33 34 
4   0 35 36 37 
6   38 39 40 41 42 43 
5   20 0 37 44 45 
6   21 45 46 38 47 48 
5   22 48 49 23 0 
6   24 49 47 43 50 51 
5   25 51 52 26 0 
6   27 52 50 42 53 54 
5   28 54 55 29 0 
6   30 55 53 41 56 57 
5   31 57 58 32 0 
6   33 58 56 40 59 60 
5   34 60 61 35 0 
6   36 61 59 39 46 44 
5   1 0 8 45 21 
6   1 20 45 9 48 22 
5   1 21 48 10 0 
5   2 0 10 49 24 
6   2 23 49 11 51 25 
5   2 24 51 12 0 
5   3 0 12 52 27 
6   3 26 52 13 54 28 
5   3 27 54 14 0 
5   4 0 14 55 30 
6   4 29 55 15 57 31 
5   4 30 57 16 0 
5   5 0 16 58 33 
6   5 32 58 17 60 34 
5   5 33 60 18 0 
5   6 0 18 61 36 
6   6 35 61 19 44 37 
5   6 36 44 8 0 
6   7 43 47 9 46 39 
6   7 38 46 19 59 40 
6   7 39 59 17 56 41 
6   7 40 56 15 53 42 
6   7 41 53 13 50 43 
6   7 42 50 11 47 38 
6   8 37 36 19 46 45 
6   8 44 46 9 21 20 
6   9 45 44 19 39 38 
6   9 38 43 11 49 48 
6   9 47 49 10 22 21 
6   10 48 47 11 24 23 
6   11 43 42 13 52 51 
6   11 50 52 12 25 24 
6   12 51 50 13 27 26 
6   13 42 41 15 55 54 
6   13 53 55 14 28 27 
6   14 54 53 15 30 29 
6   15 41 40 17 58 57 
6   15 56 58 16 31 30 
6   16 57 56 17 33 32 
6   17 40 39 19 61 60 
6   17 59 61 18 34 33 
6   18 60 59 19 36 35 
-2
0.16459
0.164588
0.164585
0.164582
0.164584
0.164587
0.243163
0.27443
0.24192
0.274431
0.241919
0.274426
0.241917
0.274421
0.241915
0.27442
0.241916
0.274424
0.241919
0.245203
0.228756
0.245203
0.245202
0.228754
0.2452
0.245197
0.22875
0.245195
0.245193
0.228748
0.245192
0.245194
0.228749
0.245195
0.245198
0.228753
0.245201
0.243165
0.243164
0.243162
0.243162
0.243163
0.243164
0.246314
0.246315
0.243791
0.243792
0.246316
0.246315
0.24379
0.246313
0.246312
0.243787
0.24631
0.246309
0.243787
0.246308
0.246309
0.243789
0.246311
0.246312
